市值

川润股份
121,741.00
51,105.00

比亚迪
85,780.00

巨化股份
33,257.00
大族激光
56,796.00
TWEE
30,004.00
中恒电气
15,039.00
风华高科
13,808.00

章源钨业
7,382.00

沪电股份
27,910.00

深南电路
42,621.00

BS

10,624.63
9.566%

—2,596.92
-4.837%

-8,240.09
-8.762%

- 1,774.20
-5.060%

2,391.80
4.393%

-365.00
- 1.200%

-985.00
-6.143%

-925.24
-6.275%

1,202.00
19.448%

=1,623,51
-5.500%

8,803.27
26.033%

持仓/可用

5300
2900

1500
1000

1000
1000

700
0

400
0

400
400

300
300

200
200

200
200

200
200

100
100

成本/现价

20.965
22.970

35.801
34.070

94.020
85.780

50.045
47.510

136.011
141.990

75.922
75.010

53.413
50.130

73.666
69.040

30.900
36.910

147.668
139.550

338.177
426.210
