部分半年报预增潜力股涨幅榜

人十。 a | (Senos Oe TORE
数 (家) Hae (%)    a.     (%)
(%)
688498 RABE        11              1153.07             303.02            310.47
002008 ”大族激光        18              116.59              106.76            252.78
688525 {Baie        10             1567.85             607.51             239.50
002384 ”东山精密        12              143.47              409.72            201.26
603986 ”兆易创新     24         522.79         201.69        199.61
601872 ”招商轮船     ay:         219.31         127.91        121.83
688536 。 思瑞浦      14         577.25         114.52        117.11
300308 ”中际旭创        31              262.28              179.58            115.01
688390        德威          11              462.04              589.14             84.23
600026 ”中远海能          15                 206.74                  202.19                77.65
300037 iF          16              109.02              101.03             69.17
002747 «= 埃斯顿           10               674.64               407.18              61.39
688256 tee      14         185.04         161.45        55.44
688392 SARE       14             112.85             111.09            53.75
688388 。嘉元科技        10              39277             1192.84            51.23
601233     昆股份     20         210.79         156.09        33.47
002812 ”已捷股份        16              901.70,             1466.02            21.49
300953 。”震裕科技          14                (286.75                  106.88                18.29
002709 ”天网材料          22                1005.75                409.45                 17.42
688411 ，海博思创          1                  117.00                  114.47                 9.46
002865 。”钧达股份        18              113.38              139.43              8.68
002460 SxS        12              616.34              330.81              8.13
600150 ”中国船舶        14              251.64              132.73              7.67
002653 BAL            13                 1089.85                 270.84                 4.22
002493 ”荣盛石化          18                 378.46                  714.63                  1.76
688266 泽环制药-U      12             2338.37             402.70             -3.23
002557 ”洽洽食品        24              117.82              109.00            -11.46
002271 ”东方雨虹        2i              108.89             1564.27           -11.63
000408 ”藏格矿业     10         110.60         101.04        -12.61
600655 豫园股份          7                 202.87                  104.88               -13.45
000933 ”神火股份        15              223.28              113.20            -14.02
688235 TN     13        1801.30        211.42        -15.12
002738 PA BR      15          276.68          531.48         -25.43
688472 = 阿特斯          11              999.10              129.10            -25.96
000807 ZAR        17             269.45              115.59            -26.08
601111 ”中国国航     11         183.86         152.49        -35.33
600029 BARE     13         298.26         118.48        -35.58
600115 PEAR     10         264.12         139.41        -36.17
002558 BAM     23         210.58         149.54        -41.38

MESS

本                                                                                                       Wind

